 2007-Jul-02 00:00     02 06 50.23 +25 54 04.2
 2007-Jul-03 00:00     02 08 39.44 +26 11 03.1
 2007-Jul-04 00:00     02 10 28.44 +26 27 58.5
 2007-Jul-05 00:00     02 12 17.22 +26 44 50.3
 2007-Jul-06 00:00     02 14 05.76 +27 01 38.5
 2007-Jul-07 00:00     02 15 54.05 +27 18 23.0
 2007-Jul-08 00:00     02 17 42.09 +27 35 03.9
 2007-Jul-09 00:00     02 19 29.85 +27 51 41.1
 2007-Jul-10 00:00     02 21 17.34 +28 08 14.6
 2007-Jul-11 00:00     02 23 04.53 +28 24 44.2
 2007-Jul-12 00:00     02 24 51.42 +28 41 10.1
 2007-Jul-13 00:00     02 26 37.98 +28 57 32.1
 2007-Jul-14 00:00     02 28 24.21 +29 13 50.2
 2007-Jul-15 00:00     02 30 10.08 +29 30 04.5
 2007-Jul-16 00:00     02 31 55.60 +29 46 14.8
 2007-Jul-17 00:00     02 33 40.75 +30 02 21.1
 2007-Jul-18 00:00     02 35 25.50 +30 18 23.5
 2007-Jul-19 00:00     02 37 09.86 +30 34 21.9
 2007-Jul-20 00:00     02 38 53.80 +30 50 16.4
 2007-Jul-21 00:00     02 40 37.32 +31 06 06.8
 2007-Jul-22 00:00     02 42 20.39 +31 21 53.2
 2007-Jul-23 00:00     02 44 03.02 +31 37 35.6
 2007-Jul-24 00:00     02 45 45.18 +31 53 14.0
 2007-Jul-25 00:00     02 47 26.86 +32 08 48.4
 2007-Jul-26 00:00     02 49 08.05 +32 24 18.8
 2007-Jul-27 00:00     02 50 48.72 +32 39 45.2
 2007-Jul-28 00:00     02 52 28.88 +32 55 07.6
 2007-Jul-29 00:00     02 54 08.49 +33 10 26.0
 2007-Jul-30 00:00     02 55 47.55 +33 25 40.5
 2007-Jul-31 00:00     02 57 26.04 +33 40 51.0
 2007-Aug-01 00:00     02 59 03.94 +33 55 57.5
 2007-Aug-02 00:00     03 00 41.23 +34 11 00.1
 2007-Aug-03 00:00     03 02 17.88 +34 25 58.7
 2007-Aug-04 00:00     03 03 53.89 +34 40 53.4
 2007-Aug-05 00:00     03 05 29.22 +34 55 44.1
 2007-Aug-06 00:00     03 07 03.86 +35 10 30.9
 2007-Aug-07 00:00     03 08 37.77 +35 25 13.8
 2007-Aug-08 00:00     03 10 10.94 +35 39 52.7
 2007-Aug-09 00:00     03 11 43.33 +35 54 27.6
 2007-Aug-10 00:00     03 13 14.93 +36 08 58.6
 2007-Aug-11 00:00     03 14 45.70 +36 23 25.7
 2007-Aug-12 00:00     03 16 15.62 +36 37 48.7
 2007-Aug-13 00:00     03 17 44.67 +36 52 07.8
 2007-Aug-14 00:00     03 19 12.82 +37 06 22.9
 2007-Aug-15 00:00     03 20 40.04 +37 20 34.0
 2007-Aug-16 00:00     03 22 06.31 +37 34 41.1
 2007-Aug-17 00:00     03 23 31.60 +37 48 44.2
 2007-Aug-18 00:00     03 24 55.89 +38 02 43.4
 2007-Aug-19 00:00     03 26 19.15 +38 16 38.5
 2007-Aug-20 00:00     03 27 41.36 +38 30 29.7
 2007-Aug-21 00:00     03 29 02.49 +38 44 16.9
 2007-Aug-22 00:00     03 30 22.51 +38 58 00.2
 2007-Aug-23 00:00     03 31 41.39 +39 11 39.4
 2007-Aug-24 00:00     03 32 59.12 +39 25 14.7
 2007-Aug-25 00:00     03 34 15.65 +39 38 46.0
 2007-Aug-26 00:00     03 35 30.97 +39 52 13.3
 2007-Aug-27 00:00     03 36 45.04 +40 05 36.7
 2007-Aug-28 00:00     03 37 57.83 +40 18 56.0
 2007-Aug-29 00:00     03 39 09.31 +40 32 11.4
 2007-Aug-30 00:00     03 40 19.46 +40 45 22.7
 2007-Aug-31 00:00     03 41 28.22 +40 58 30.0
 2007-Sep-01 00:00     03 42 35.58 +41 11 33.3
 2007-Sep-02 00:00     03 43 41.49 +41 24 32.4
 2007-Sep-03 00:00     03 44 45.91 +41 37 27.4
 2007-Sep-04 00:00     03 45 48.81 +41 50 18.3
 2007-Sep-05 00:00     03 46 50.14 +42 03 04.8
 2007-Sep-06 00:00     03 47 49.87 +42 15 47.0
 2007-Sep-07 00:00     03 48 47.96 +42 28 24.9
 2007-Sep-08 00:00     03 49 44.37 +42 40 58.2
 2007-Sep-09 00:00     03 50 39.06 +42 53 26.9
 2007-Sep-10 00:00     03 51 31.99 +43 05 51.0
 2007-Sep-11 00:00     03 52 23.12 +43 18 10.3
 2007-Sep-12 00:00     03 53 12.43 +43 30 24.7
 2007-Sep-13 00:00     03 53 59.87 +43 42 34.1
 2007-Sep-14 00:00     03 54 45.41 +43 54 38.4
 2007-Sep-15 00:00     03 55 29.01 +44 06 37.4
 2007-Sep-16 00:00     03 56 10.63 +44 18 31.0
 2007-Sep-17 00:00     03 56 50.26 +44 30 19.1
 2007-Sep-18 00:00     03 57 27.84 +44 42 01.5
 2007-Sep-19 00:00     03 58 03.35 +44 53 38.0
 2007-Sep-20 00:00     03 58 36.75 +45 05 08.6
 2007-Sep-21 00:00     03 59 08.02 +45 16 32.9
 2007-Sep-22 00:00     03 59 37.12 +45 27 50.8
 2007-Sep-23 00:00     04 00 04.02 +45 39 02.1
 2007-Sep-24 00:00     04 00 28.69 +45 50 06.7
 2007-Sep-25 00:00     04 00 51.10 +46 01 04.2
 2007-Sep-26 00:00     04 01 11.23 +46 11 54.5
 2007-Sep-27 00:00     04 01 29.03 +46 22 37.4
 2007-Sep-28 00:00     04 01 44.48 +46 33 12.5
 2007-Sep-29 00:00     04 01 57.55 +46 43 39.6
 2007-Sep-30 00:00     04 02 08.21 +46 53 58.4
 2007-Oct-01 00:00     04 02 16.43 +47 04 08.6
 2007-Oct-02 00:00     04 02 22.18 +47 14 09.9
 2007-Oct-03 00:00     04 02 25.44 +47 24 01.9
 2007-Oct-04 00:00     04 02 26.18 +47 33 44.3
 2007-Oct-05 00:00     04 02 24.38 +47 43 16.6
 2007-Oct-06 00:00     04 02 20.02 +47 52 38.6
 2007-Oct-07 00:00     04 02 13.09 +48 01 49.8
 2007-Oct-08 00:00     04 02 03.59 +48 10 49.7
 2007-Oct-09 00:00     04 01 51.50 +48 19 38.1
 2007-Oct-10 00:00     04 01 36.83 +48 28 14.3
 2007-Oct-11 00:00     04 01 19.57 +48 36 38.1
 2007-Oct-12 00:00     04 00 59.73 +48 44 49.0
 2007-Oct-13 00:00     04 00 37.32 +48 52 46.5
 2007-Oct-14 00:00     04 00 12.36 +49 00 30.2
 2007-Oct-15 00:00     03 59 44.87 +49 07 59.6
 2007-Oct-16 00:00     03 59 14.86 +49 15 14.2
 2007-Oct-17 00:00     03 58 42.37 +49 22 13.7
 2007-Oct-18 00:00     03 58 07.43 +49 28 57.6
 2007-Oct-19 00:00     03 57 30.07 +49 35 25.4
 2007-Oct-20 00:00     03 56 50.34 +49 41 36.7
 2007-Oct-21 00:00     03 56 08.27 +49 47 31.1
 2007-Oct-22 00:00     03 55 23.93 +49 53 08.1
 2007-Oct-23 00:00     03 54 37.37 +49 58 27.3
 2007-Oct-24 00:00     03 53 48.63 +50 03 28.3
 2007-Oct-25 00:00     03 52 57.78 +50 08 10.7
 2007-Oct-26 00:00     03 52 04.89 +50 12 34.1
 2007-Oct-27 00:00     03 51 10.02 +50 16 38.1
 2007-Oct-28 00:00     03 50 13.24 +50 20 22.3
 2007-Oct-29 00:00     03 49 14.62 +50 23 46.5
 2007-Oct-30 00:00     03 48 14.24 +50 26 50.1
 2007-Oct-31 00:00     03 47 12.19 +50 29 33.0
 2007-Nov-01 00:00     03 46 08.56 +50 31 54.7
 2007-Nov-02 00:00     03 45 03.44 +50 33 54.9
 2007-Nov-03 00:00     03 43 56.93 +50 35 33.5
 2007-Nov-04 00:00     03 42 49.14 +50 36 50.1
 2007-Nov-05 00:00     03 41 40.17 +50 37 44.6
 2007-Nov-06 00:00     03 40 30.14 +50 38 16.8
 2007-Nov-07 00:00     03 39 19.17 +50 38 26.6
 2007-Nov-08 00:00     03 38 07.38 +50 38 14.0
 2007-Nov-09 00:00     03 36 54.89 +50 37 38.7
 2007-Nov-10 00:00     03 35 41.82 +50 36 41.0
 2007-Nov-11 00:00     03 34 28.30 +50 35 20.8
 2007-Nov-12 00:00     03 33 14.46 +50 33 38.1
 2007-Nov-13 00:00     03 32 00.43 +50 31 33.2
 2007-Nov-14 00:00     03 30 46.34 +50 29 06.3
 2007-Nov-15 00:00     03 29 32.30 +50 26 17.4
 2007-Nov-16 00:00     03 28 18.46 +50 23 06.9
 2007-Nov-17 00:00     03 27 04.92 +50 19 35.2
 2007-Nov-18 00:00     03 25 51.82 +50 15 42.5
 2007-Nov-19 00:00     03 24 39.27 +50 11 29.1
 2007-Nov-20 00:00     03 23 27.38 +50 06 55.7
 2007-Nov-21 00:00     03 22 16.27 +50 02 02.5
 2007-Nov-22 00:00     03 21 06.05 +49 56 50.0
 2007-Nov-23 00:00     03 19 56.81 +49 51 18.9
 2007-Nov-24 00:00     03 18 48.66 +49 45 29.5
 2007-Nov-25 00:00     03 17 41.68 +49 39 22.4
 2007-Nov-26 00:00     03 16 35.96 +49 32 58.2
 2007-Nov-27 00:00     03 15 31.60 +49 26 17.4
 2007-Nov-28 00:00     03 14 28.66 +49 19 20.7
 2007-Nov-29 00:00     03 13 27.24 +49 12 08.6
 2007-Nov-30 00:00     03 12 27.41 +49 04 41.8
 2007-Dec-01 00:00     03 11 29.24 +48 57 01.0
 2007-Dec-02 00:00     03 10 32.79 +48 49 06.7
 2007-Dec-03 00:00     03 09 38.15 +48 40 59.8
 2007-Dec-04 00:00     03 08 45.36 +48 32 40.8
 2007-Dec-05 00:00     03 07 54.48 +48 24 10.5
 2007-Dec-06 00:00     03 07 05.58 +48 15 29.7
 2007-Dec-07 00:00     03 06 18.69 +48 06 39.0
 2007-Dec-08 00:00     03 05 33.85 +47 57 39.2
 2007-Dec-09 00:00     03 04 51.12 +47 48 31.0
 2007-Dec-10 00:00     03 04 10.52 +47 39 15.2
 2007-Dec-11 00:00     03 03 32.09 +47 29 52.4
 2007-Dec-12 00:00     03 02 55.84 +47 20 23.4
 2007-Dec-13 00:00     03 02 21.81 +47 10 48.8
 2007-Dec-14 00:00     03 01 50.00 +47 01 09.5
 2007-Dec-15 00:00     03 01 20.44 +46 51 26.0
 2007-Dec-16 00:00     03 00 53.12 +46 41 39.1
 2007-Dec-17 00:00     03 00 28.06 +46 31 49.4
 2007-Dec-18 00:00     03 00 05.25 +46 21 57.6
 2007-Dec-19 00:00     02 59 44.69 +46 12 04.2
 2007-Dec-20 00:00     02 59 26.37 +46 02 09.8
 2007-Dec-21 00:00     02 59 10.28 +45 52 15.0
 2007-Dec-22 00:00     02 58 56.41 +45 42 20.4
 2007-Dec-23 00:00     02 58 44.75 +45 32 26.4
 2007-Dec-24 00:00     02 58 35.26 +45 22 33.5
 2007-Dec-25 00:00     02 58 27.94 +45 12 42.2
 2007-Dec-26 00:00     02 58 22.77 +45 02 53.0
 2007-Dec-27 00:00     02 58 19.73 +44 53 06.2
 2007-Dec-28 00:00     02 58 18.78 +44 43 22.3
 2007-Dec-29 00:00     02 58 19.93 +44 33 41.7
 2007-Dec-30 00:00     02 58 23.14 +44 24 04.7
 2007-Dec-31 00:00     02 58 28.39 +44 14 31.7
 2008-Jan-01 00:00     02 58 35.66 +44 05 03.0
 2008-Jan-02 00:00     02 58 44.92 +43 55 39.0
 2008-Jan-03 00:00     02 58 56.16 +43 46 20.0
 2008-Jan-04 00:00     02 59 09.35 +43 37 06.3
 2008-Jan-05 00:00     02 59 24.46 +43 27 58.1
 2008-Jan-06 00:00     02 59 41.47 +43 18 55.7
 2008-Jan-07 00:00     03 00 00.35 +43 09 59.3
 2008-Jan-08 00:00     03 00 21.07 +43 01 09.2
 2008-Jan-09 00:00     03 00 43.61 +42 52 25.6
 2008-Jan-10 00:00     03 01 07.93 +42 43 48.7
 2008-Jan-11 00:00     03 01 34.02 +42 35 18.6
 2008-Jan-12 00:00     03 02 01.84 +42 26 55.5
 2008-Jan-13 00:00     03 02 31.35 +42 18 39.6
 2008-Jan-14 00:00     03 03 02.53 +42 10 30.9
 2008-Jan-15 00:00     03 03 35.35 +42 02 29.5
 2008-Jan-16 00:00     03 04 09.77 +41 54 35.6
 2008-Jan-17 00:00     03 04 45.77 +41 46 49.2
 2008-Jan-18 00:00     03 05 23.30 +41 39 10.4
 2008-Jan-19 00:00     03 06 02.34 +41 31 39.1
 2008-Jan-20 00:00     03 06 42.86 +41 24 15.5
 2008-Jan-21 00:00     03 07 24.82 +41 16 59.5
 2008-Jan-22 00:00     03 08 08.19 +41 09 51.0
 2008-Jan-23 00:00     03 08 52.94 +41 02 50.2
 2008-Jan-24 00:00     03 09 39.05 +40 55 57.0
 2008-Jan-25 00:00     03 10 26.48 +40 49 11.3
 2008-Jan-26 00:00     03 11 15.22 +40 42 33.1
 2008-Jan-27 00:00     03 12 05.23 +40 36 02.5
 2008-Jan-28 00:00     03 12 56.49 +40 29 39.2
 2008-Jan-29 00:00     03 13 48.99 +40 23 23.4
 2008-Jan-30 00:00     03 14 42.68 +40 17 15.0
 2008-Jan-31 00:00     03 15 37.56 +40 11 13.8
 2008-Feb-01 00:00     03 16 33.60 +40 05 19.9
 2008-Feb-02 00:00     03 17 30.77 +39 59 33.2
 2008-Feb-03 00:00     03 18 29.06 +39 53 53.5
 2008-Feb-04 00:00     03 19 28.44 +39 48 21.0
 2008-Feb-05 00:00     03 20 28.89 +39 42 55.4
 2008-Feb-06 00:00     03 21 30.40 +39 37 36.7
 2008-Feb-07 00:00     03 22 32.93 +39 32 24.7
 2008-Feb-08 00:00     03 23 36.47 +39 27 19.5
 2008-Feb-09 00:00     03 24 40.99 +39 22 21.0
 2008-Feb-10 00:00     03 25 46.48 +39 17 28.9
 2008-Feb-11 00:00     03 26 52.92 +39 12 43.3
 2008-Feb-12 00:00     03 28 00.27 +39 08 03.9
 2008-Feb-13 00:00     03 29 08.52 +39 03 30.8
 2008-Feb-14 00:00     03 30 17.65 +38 59 03.8
 2008-Feb-15 00:00     03 31 27.63 +38 54 42.7
 2008-Feb-16 00:00     03 32 38.45 +38 50 27.4
 2008-Feb-17 00:00     03 33 50.08 +38 46 17.9
 2008-Feb-18 00:00     03 35 02.50 +38 42 13.9
 2008-Feb-19 00:00     03 36 15.69 +38 38 15.3
 2008-Feb-20 00:00     03 37 29.64 +38 34 22.1
 2008-Feb-21 00:00     03 38 44.32 +38 30 34.0
 2008-Feb-22 00:00     03 39 59.72 +38 26 51.0
 2008-Feb-23 00:00     03 41 15.83 +38 23 13.0
 2008-Feb-24 00:00     03 42 32.63 +38 19 39.7
 2008-Feb-25 00:00     03 43 50.10 +38 16 11.1
 2008-Feb-26 00:00     03 45 08.23 +38 12 47.1
 2008-Feb-27 00:00     03 46 27.01 +38 09 27.5
 2008-Feb-28 00:00     03 47 46.42 +38 06 12.3
 2008-Feb-29 00:00     03 49 06.45 +38 03 01.2
 2008-Mar-01 00:00     03 50 27.09 +37 59 54.2
 2008-Mar-02 00:00     03 51 48.32 +37 56 51.3
 2008-Mar-03 00:00     03 53 10.14 +37 53 52.1
 2008-Mar-04 00:00     03 54 32.52 +37 50 56.7
 2008-Mar-05 00:00     03 55 55.47 +37 48 05.0
 2008-Mar-06 00:00     03 57 18.96 +37 45 16.7
 2008-Mar-07 00:00     03 58 42.98 +37 42 31.9
 2008-Mar-08 00:00     04 00 07.52 +37 39 50.4
 2008-Mar-09 00:00     04 01 32.57 +37 37 12.0
 2008-Mar-10 00:00     04 02 58.12 +37 34 36.7
 2008-Mar-11 00:00     04 04 24.14 +37 32 04.4
 2008-Mar-12 00:00     04 05 50.63 +37 29 34.9
 2008-Mar-13 00:00     04 07 17.58 +37 27 08.1
 2008-Mar-14 00:00     04 08 44.96 +37 24 44.0
 2008-Mar-15 00:00     04 10 12.77 +37 22 22.3
 2008-Mar-16 00:00     04 11 40.99 +37 20 03.0
 2008-Mar-17 00:00     04 13 09.61 +37 17 46.0
 2008-Mar-18 00:00     04 14 38.62 +37 15 31.2
 2008-Mar-19 00:00     04 16 08.01 +37 13 18.4
 2008-Mar-20 00:00     04 17 37.76 +37 11 07.5
 2008-Mar-21 00:00     04 19 07.87 +37 08 58.5
 2008-Mar-22 00:00     04 20 38.32 +37 06 51.2
 2008-Mar-23 00:00     04 22 09.11 +37 04 45.5
 2008-Mar-24 00:00     04 23 40.23 +37 02 41.4
 2008-Mar-25 00:00     04 25 11.67 +37 00 38.8
 2008-Mar-26 00:00     04 26 43.42 +36 58 37.5
 2008-Mar-27 00:00     04 28 15.48 +36 56 37.5
 2008-Mar-28 00:00     04 29 47.83 +36 54 38.6
 2008-Mar-29 00:00     04 31 20.47 +36 52 40.9
 2008-Mar-30 00:00     04 32 53.39 +36 50 44.1
 2008-Mar-31 00:00     04 34 26.59 +36 48 48.3
 2008-Apr-01 00:00     04 36 00.05 +36 46 53.4
 2008-Apr-02 00:00     04 37 33.76 +36 44 59.2
 2008-Apr-03 00:00     04 39 07.73 +36 43 05.7
 2008-Apr-04 00:00     04 40 41.94 +36 41 12.8
 2008-Apr-05 00:00     04 42 16.39 +36 39 20.4
 2008-Apr-06 00:00     04 43 51.06 +36 37 28.5
 2008-Apr-07 00:00     04 45 25.95 +36 35 37.0
 2008-Apr-08 00:00     04 47 01.05 +36 33 45.8
 2008-Apr-09 00:00     04 48 36.34 +36 31 54.9
 2008-Apr-10 00:00     04 50 11.83 +36 30 04.1
 2008-Apr-11 00:00     04 51 47.49 +36 28 13.5
 2008-Apr-12 00:00     04 53 23.33 +36 26 22.8
 2008-Apr-13 00:00     04 54 59.32 +36 24 32.1
 2008-Apr-14 00:00     04 56 35.47 +36 22 41.4
 2008-Apr-15 00:00     04 58 11.76 +36 20 50.4
 2008-Apr-16 00:00     04 59 48.18 +36 18 59.2
 2008-Apr-17 00:00     05 01 24.73 +36 17 07.7
 2008-Apr-18 00:00     05 03 01.41 +36 15 15.9
 2008-Apr-19 00:00     05 04 38.20 +36 13 23.6
 2008-Apr-20 00:00     05 06 15.10 +36 11 30.8
 2008-Apr-21 00:00     05 07 52.10 +36 09 37.6
 2008-Apr-22 00:00     05 09 29.20 +36 07 43.7
 2008-Apr-23 00:00     05 11 06.39 +36 05 49.2
 2008-Apr-24 00:00     05 12 43.66 +36 03 54.0
 2008-Apr-25 00:00     05 14 21.02 +36 01 58.1
 2008-Apr-26 00:00     05 15 58.45 +36 00 01.4
 2008-Apr-27 00:00     05 17 35.95 +35 58 03.9
 2008-Apr-28 00:00     05 19 13.52 +35 56 05.5
 2008-Apr-29 00:00     05 20 51.15 +35 54 06.2
 2008-Apr-30 00:00     05 22 28.83 +35 52 05.9
 2008-May-01 00:00     05 24 06.56 +35 50 04.6